0

@
2
7
from_basement
basement
to_kitchen
90
-1

@
48.000000
128.000000
48.000000
96.000000

48.000000
96.000000
208.000000
96.000000

208.000000
96.000000
208.000000
0.000000

208.000000
0.000000
32.000000
0.000000

32.000000
0.000000
32.000000
-16.000000

32.000000
-16.000000
48.000000
-16.000000

48.000000
-16.000000
48.000000
-64.000000

48.000000
-64.000000
0.000000
-64.000000

0.000000
-64.000000
0.000000
-16.000000

0.000000
-16.000000
16.000000
-16.000000

16.000000
-16.000000
16.000000
0.000000

16.000000
0.000000
0.000000
0.000000

0.000000
0.000000
0.000000
96.000000

0.000000
96.000000
32.000000
96.000000

0.000000
80.000000
80.000000
80.000000

48.000000
128.000000
32.000000
128.000000

32.000000
128.000000
32.000000
96.000000

@
